0
0.0148789
0.0146075
0.0139554
0.0133081
0.0127061
0.0121497
0.0116336
0.0111521
0.0107003
0.0102741
0.00987035
0.00948635
0.00911989
0.00876912
0.00843248
0.00810864
0.00779645
0.00749493
0.00720321
0.00692053
0.00664621
0.00637967
0.00612035
0.00586779
0.00562155
0.0055243
0.00542784
0.00533218
0.00523729
0.00514317
0.00504981
0.00495719
0.00486531
0.00477416
0.00468373
0.00459401
0.00450499
0.00441666
0.00432902
0.00424205
0.00415575
0.00407011
0.00398512
0.00390077
0.00381706
0.00373398
0.00365152
0.00356967
0.00348843
0.00340779
0.00332774
0.00324828
0.0031694
0.00309109
0.00301334
0.00293615
0.00285952
0.00278343
0.00270787
0.00263286
0.00255836
0.00248439
0.00241094
0.00233799
0.00226554
0.00219358
0.00212212
0.00205114
0.00198064
0.00191061
0.00184104
0.00177194
0.00170328
0.00163508
0.00156732
0.00149999
0.0014331
0.00136662
0.00130057
0.00123493
0.0011697
0.00110487
0.00104043
0.000976388
0.000912727
0.000849444
0.000786534
0.000723991
0.000661809
0.000599983
0.000538506
0.000477373
0.000416579
0.000356117
0.000295981
0.000236166
0.000176667
0.000117476
5.85894e-05
0
