0
0.0306585
0.0611232
0.0914001
0.121495
0.151415
0.181164
0.21075
0.240178
0.269455
0.298585
0.327574
0.35643
0.385156
0.41376
0.442246
0.470621
0.49889
0.527058
0.555133
0.583118
0.611019
0.638843
0.666595
0.69428
0.721904
0.732844
0.743587
0.754134
0.764486
0.77464
0.784599
0.794362
0.803928
0.813299
0.822474
0.831452
0.840235
0.848823
0.857214
0.86541
0.87341
0.881214
0.888823
0.896236
0.903454
0.910476
0.917303
0.923934
0.93037
0.936611
0.942656
0.948506
0.954161
0.959621
0.964885
0.969954
0.974828
0.979507
0.983991
0.98828
0.992373
0.996272
0.999976
1.00348
1.0068
1.00992
1.01284
1.01557
1.0181
1.02044
1.02259
1.02453
1.02629
1.02785
1.02921
1.03038
1.03136
1.03214
1.03272
1.03311
1.03331
1.03331
1.03312
1.03273
1.03214
1.03136
1.03039
1.02922
1.02786
1.0263
1.02455
1.0226
1.02046
1.01812
1.01559
1.01286
1.00994
1.00682
1.00351
1
