0
0.103408
0.162852
0.20871
0.247317
0.28124
0.311816
0.339847
0.365857
0.390212
0.413179
0.434962
0.455717
0.47557
0.494623
0.512961
0.530653
0.54776
0.564333
0.580416
0.596048
0.611261
0.626088
0.640553
0.654681
0.668493
0.682008
0.695244
0.708216
0.720939
0.733427
0.745692
0.757744
0.769594
0.781252
0.792726
0.804026
0.815158
0.82613
0.836948
0.84762
0.858151
0.868546
0.878811
0.888951
0.89897
0.908874
0.918665
0.928349
0.937929
0.947408
0.951149
0.954825
0.958439
0.961991
0.96548
0.968908
0.972274
0.97558
0.978825
0.982011
0.985137
0.988204
0.991213
0.994163
0.997056
0.999891
1.00267
1.00539
1.00806
1.01067
1.01322
1.01572
1.01817
1.02056
1.0229
1.02518
1.02741
1.02959
1.03172
1.0338
1.03582
1.03779
1.03972
1.04159
1.04341
1.04518
1.04691
1.04858
1.05021
1.05179
1.05332
1.0548
1.05623
1.05762
1.05897
1.06026
1.06152
1.06272
1.06388
1.065
1.06607
1.0671
1.06808
1.06902
1.06992
1.07078
1.07159
1.07236
1.07309
1.07378
1.07442
1.07503
1.07559
1.07612
1.0766
1.07705
1.07746
1.07782
1.07815
1.07844
1.07869
1.07891
1.07908
1.07922
1.07932
1.07939
1.07942
1.07941
1.07937
1.07929
1.07918
1.07903
1.07884
1.07862
1.07837
1.07809
1.07777
1.07741
1.07703
1.07661
1.07615
1.07567
1.07515
1.0746
1.07402
1.07341
1.07277
1.07209
1.07139
1.07065
1.06989
1.06909
1.06827
1.06741
1.06653
1.06562
1.06467
1.0637
1.06271
1.06168
1.06062
1.05954
1.05843
1.0573
1.05613
1.05494
1.05372
1.05248
1.05121
1.04992
1.04859
1.04725
1.04588
1.04448
1.04306
1.04161
1.04014
1.03864
1.03713
1.03558
1.03402
1.03243
1.03081
1.02917
1.02752
1.02583
1.02413
1.0224
1.02065
1.01888
1.01709
1.01527
1.01344
1.01158
1.0097
1.0078
1.00588
1.00394
1.00198
1
