0
0.147973
0.23271
0.297861
0.352549
0.400473
0.443567
0.48299
0.519501
0.553633
0.585773
0.616217
0.645194
0.672888
0.699447
0.724995
0.749635
0.773455
0.796531
0.818926
0.840699
0.8619
0.882571
0.902753
0.922481
0.941787
0.949301
0.956563
0.963576
0.970343
0.976868
0.983155
0.989206
0.995026
1.00062
1.00598
1.01113
1.01606
1.02077
1.02526
1.02955
1.03364
1.03752
1.0412
1.04468
1.04797
1.05106
1.05397
1.05669
1.05923
1.06159
1.06377
1.06578
1.06761
1.06927
1.07076
1.07209
1.07326
1.07427
1.07511
1.07581
1.07635
1.07674
1.07698
1.07707
1.07702
1.07683
1.0765
1.07603
1.07543
1.07469
1.07383
1.07283
1.07171
1.07046
1.06909
1.06759
1.06598
1.06425
1.0624
1.06044
1.05837
1.05619
1.0539
1.0515
1.049
1.0464
1.04369
1.04089
1.03798
1.03498
1.03189
1.0287
1.02542
1.02205
1.01858
1.01504
1.0114
1.00768
1.00388
1
